330 769 930
669 15 662
273 50 280
642 94 734
220 198 210
213 918 805
711 938 643
803 917 899
81 141 177
520 271 779
358 978 984
475 183 383
806 793 53
942 863 219
473 860 890
94 310 234
889 429 825
943 98 998
971 64 945
352 672 782
460 825 453
694 569 337
878 393 550
540 66 491
411 554 306
769 762 278
894 539 486
197 94 250
557 562 968
518 18 512
534 621 239
371 629 531
682 798 187
660 663 64
55 620 642
455 51 426
304 498 635
44 979 962
494 7 503
362 509 673
773 897 140
965 546 856
274 888 871
102 285 352
774 380 813
530 958 851
737 595 716
327 397 351
138 108 230
426 327 238
328 590 578
507 711 933
820 199 983
382 415 615
693 382 997
682 587 184
574 88 486
62 463 519
199 572 763
750 228 611
883 169 992
263 705 918
609 260 711
820 997 257
635 560 773
58 976 994
389 782 919
780 326 918
889 507 762
827 174 934
32 987 981
446 443 165
410 422 546
291 919 842
110 470 575
37 90 101
174 173 4
946 906 40
788 737 565
508 34 500
431 403 88
731 715 817
396 162 278
525 688 488
286 325 79
540 222 517
87 382 306
744 62 691
291 432 611
583 397 188
96 963 963
444 792 993
518 298 316
825 858 809
681 383 851
287 856 606
310 506 665
382 440 113
257 306 97
489 466 86
199 62 155
705 159 612
505 578 942
542 552 760
432 26 412
108 158 60
58 532 531
679 645 167
164 105 132
600 608 270
232 241 113
381 697 726
722 543 955
858 140 786
200 311 510
67 621 630
545 506 301
746 37 769
69 423 380
875 144 896
275 118 277
623 368 833
59 105 54
803 837 426
636 840 996
508 529 373
681 790 301
875 277 800
954 931 84
254 316 233
546 69 513
460 429 709
456 269 213
155 176 66
959 794 315
603 727 411
528 803 542
275 411 349
39 256 247
399 409 9
613 81 589
319 984 778
699 680 504
160 513 651
878 872 38
218 240 265
402 488 189
24 30 5
634 801 679
385 406 88
860 467 419
206 244 80
336 310 150
159 336 376
533 82 523
844 439 782
152 413 403
893 361 677
428 310 474
574 700 149
206 114 320
293 147 250
968 542 454
473 475 884
125 591 543
264 839 902
334 107 368
683 681 22
926 210 787
854 960 122
918 84 876
836 718 228
421 622 875
680 215 674
198 721 617
73 789 853
82 779 750
674 812 280
922 196 941
344 499 287
625 617 154
328 713 606
194 149 55
870 478 900
563 962 669
745 484 500
159 618 723
304 542 716
976 914 241
616 744 303
369 754 595
562 799 823
937 976 194
474 528 922
415 169 547
582 365 431
473 572 164
604 327 641
743 107 823
997 565 438
271 123 169
615 592 99
834 359 499
755 475 829
43 159 151
970 837 164
209 97 289
624 382 257
110 470 486
584 959 866
157 939 947
179 735 834
304 195 163
948 915 40
81 127 50
221 487 574
268 843 706
822 950 572
958 996 378
335 499 294
987 101 931
542 404 759
692 752 278
621 398 221
790 802 443
393 466 516
799 468 829
432 681 553
234 332 437
441 616 966
254 346 330
394 897 755
253 923 918
55 768 825
7 211 216
112 847 940
406 380 147
698 534 197
979 928 119
982 476 931
783 131 784
16 995 985
43 540 566
639 727 477
293 422 203
373 466 282
275 987 711
420 252 642
223 545 565
130 264 300
683 440 835
592 257 532
571 988 566
617 45 579
971 979 130
91 311 377
727 323 804
70 752 799
917 959 420
177 828 880
824 857 74
246 311 209
17 963 947
185 728 808
582 30 596
713 123 792
442 931 781
651 137 593
642 687 84
656 51 636
213 509 582
716 978 828
108 12 103
364 809 729
994 433 663
776 751 33
349 204 335
725 731 455
899 773 324
354 571 407
886 286 950
331 498 357
890 201 721
636 14 622
82 127 173
195 469 626
552 192 655
970 918 56
524 620 604
369 575 859
712 941 892
653 70 620
739 288 733
694 725 895
500 727 807
431 635 677
386 385 262
481 318 723
911 958 718
98 929 869
585 490 436
596 275 545
601 893 694
211 267 206
189 351 237
759 465 852
758 252 773
954 743 500
492 413 670
897 782 151
897 811 440
229 136 211
184 122 143
320 925 924
606 886 278
225 487 539
219 341 199
231 711 596
917 19 939
536 137 593
871 268 900
68 546 540
591 159 605
171 115 265
646 663 192
316 310 44
893 898 96
9 238 227
770 960 990
59 930 930
459 484 83
828 346 783
983 216 802
6 609 608
97 200 242
294 768 785
58 791 783
794 777 378
224 557 513
231 772 684
70 914 917
826 373 551
357 890 938
66 537 508
437 681 683
569 692 173
201 98 234
296 651 527
585 552 54
828 854 80
386 488 168
906 833 863
451 336 253
759 921 264
165 121 181
94 696 613
190 385 300
479 883 979
244 275 143
160 330 407
723 268 692
443 382 62
322 253 260
37 668 673
551 390 423
837 854 16
735 218 604
113 631 689
780 556 855
141 27 115
333 68 394
572 454 526
785 886 541
156 479 381
813 143 916
878 986 122
395 387 117
2 873 875
70 234 256
693 951 923
36 954 921
561 232 330
46 380 396
135 814 797
705 6 701
903 693 438
367 320 687
682 671 529
795 955 249
343 341 479
683 630 361
506 580 312
750 448 733
33 579 595
160 654 635
75 467 406
684 729 44
737 970 373
336 814 965
179 242 188
691 984 330
553 884 431
278 976 722
548 629 543
512 475 226
824 188 722
647 410 436
995 670 434
82 559 499
944 618 467
471 923 790
511 667 271
573 659 770
424 47 380
384 747 754
937 188 872
718 165 798
349 795 550
824 331 570
860 408 758
773 780 18
432 420 237
319 544 628
666 670 48
837 462 426
730 700 383
601 559 533
464 579 179
1 688 688
790 202 914
961 578 503
221 34 234
721 675 80
690 461 725
183 708 644
769 883 549
273 637 451
681 422 743
248 42 222
528 856 915
550 566 127
532 604 134
521 370 795
963 757 706
416 956 751
387 257 215
529 770 721
558 253 470
256 301 316
321 591 341
673 31 641
221 262 139
736 406 434
981 423 719
315 7 314
199 174 29
153 787 820
994 958 244
248 628 774
181 569 500
745 614 201
596 508 405
402 298 135
544 584 215
191 952 815
163 136 185
877 497 484
854 873 30
365 969 636
588 12 584
95 979 953
698 302 678
353 236 400
341 661 736
943 484 491
765 321 621
258 179 433
708 193 647
335 661 818
799 726 740
428 388 97
41 324 346
463 854 451
722 695 59
559 991 749
474 346 643
785 35 811
475 471 7
464 287 564
221 314 209
39 95 124
439 334 315
267 703 505
114 301 200
164 246 377
286 810 920
277 28 295
690 674 68
570 590 304
422 501 81
19 410 427
283 281 294
113 554 502
262 88 242
820 580 343
430 26 442
491 552 131
697 897 695
753 46 745
318 49 359
221 581 573
706 722 680
833 865 938
941 360 634
787 368 493
182 764 699
914 495 739
386 804 780
109 457 560
282 160 434
717 629 347
270 188 277
853 704 573
541 540 670
867 869 10
164 507 548
435 334 646
60 501 440
744 800 887
28 833 804
510 639 197
638 754 193
843 483 367
753 934 337
475 672 360
370 351 543
375 288 512
721 998 449
540 430 146
785 157 808
920 407 990
822 368 491
11 854 843
777 359 575
945 968 30
101 119 28
890 11 885
424 528 894
516 370 305
701 470 752
568 226 553
576 639 252
781 446 562
702 971 754
347 242 588
464 481 598
932 933 15
866 636 280
531 284 778
458 772 942
269 502 538
929 126 869
180 299 210
477 922 665
379 450 69
680 692 818
781 746 292
417 916 518
915 142 947
144 205 209
891 800 516
185 179 316
850 494 832
93 666 592
223 221 100
380 385 205
98 396 314
368 48 356
143 547 625
866 881 15
277 592 313
487 619 243
141 824 787
627 4 630
237 552 405
747 832 292
206 874 974
725 958 579
18 77 88
702 756 941
142 275 272
821 830 52
479 522 240
756 189 909
667 485 405
806 455 454
576 429 779
960 948 43
315 604 442
632 619 49
468 598 827
362 713 477
114 96 67
553 436 322
603 441 162
9 221 220
626 705 922
36 608 611
37 136 113
640 54 620
499 170 640
535 530 26
285 288 474
9 760 760
783 765 53
430 943 892
709 695 114
340 367 410
262 958 773
468 209 381
237 677 516
529 724 501
139 309 185
645 618 202
476 546 113
215 343 143
91 224 276
975 975 365
799 906 460
619 617 478
760 711 214
150 782 754
689 784 181
241 302 135
104 738 715
491 434 622
443 657 517
175 269 316
546 693 743
529 570 706
285 533 486
40 301 288
439 381 105
963 742 441
770 463 727
794 180 946
842 61 835
607 875 885
343 826 782
291 800 668
373 803 998
607 894 718
816 836 687
835 954 141
398 737 365
616 904 789
769 867 812
380 935 862
181 346 530
137 563 659
368 683 620
910 524 998
392 144 532
460 832 507
744 819 763
74 813 874
422 630 510
745 19 766
108 719 764
636 636 1
300 312 111
569 591 84
610 279 733
959 851 115
541 119 471
885 29 903
773 741 804
332 632 739
846 282 681
525 800 664
616 839 535
781 22 791
626 616 316
232 311 141
1 977 978
899 523 892
574 37 555
879 843 255
960 995 674
567 450 857
686 20 689
161 979 836
322 623 814
387 620 842
75 531 571
491 29 507
886 629 723
647 696 49
598 636 80
130 712 730
767 933 240
235 726 855
730 561 229
234 108 337
35 251 235
416 338 207
650 667 851
778 141 759
473 15 470
188 950 807
161 718 628
367 418 251
696 279 527
853 747 287
763 149 883
676 317 875
729 831 238
59 445 387
204 868 912
264 704 614
762 250 581
351 739 915
218 990 886
201 250 448
876 950 210
850 451 437
310 179 338
32 531 516
486 535 820
649 499 774
149 175 221
806 465 819
472 124 561
811 612 457
51 573 608
819 499 937
6 38 35
256 907 685
325 51 338
59 756 697
194 480 574
55 339 313
127 514 583
580 487 664
459 20 479
691 336 978
828 319 689
633 494 687
705 564 138
1 308 311
998 772 720
687 95 732
174 839 896
331 134 376
862 362 777
604 731 546
781 892 361
988 92 913
167 1 166
323 619 756
247 65 287
866 679 459
787 798 39
691 123 598
535 176 373
184 209 47
537 606 250
640 187 617
525 697 560
589 497 553
502 941 720
694 184 698
889 822 281
167 56 162
812 890 119
946 142 916
663 446 486
47 155 205
163 393 412
683 362 895
205 355 149
298 706 425
527 473 326
660 930 345
879 157 755
897 134 917
168 583 613
747 699 384
639 485 441
953 587 582
422 348 521
471 453 345
124 105 32
399 676 607
625 858 286
168 708 640
563 154 626
823 810 22
959 899 409
102 980 990
990 93 973
459 261 212
241 218 294
131 378 419
748 502 329
376 88 351
717 525 691
834 144 911
274 714 696
407 553 503
840 195 735
703 759 238
479 603 866
698 631 164
133 816 873
987 823 690
39 73 66
810 534 366
104 32 136
933 987 88
919 399 859
419 118 370
434 557 243
15 574 576
365 644 629
410 417 26
23 580 600
745 377 618
331 826 785
264 255 23
749 552 766
818 113 793
243 241 83
361 107 388
849 702 254
11 425 413
133 49 121
170 734 875
556 689 951
687 93 626
545 252 493
493 365 214
780 254 706
968 270 778
95 212 140
645 829 503
215 122 240
515 799 324
161 157 1
269 343 264
620 12 615
286 714 504
366 796 462
687 495 751
919 799 156
191 676 571
379 641 761
557 740 271
393 870 819
847 471 378
503 863 737
178 387 424
201 164 319
748 512 949
542 204 558
519 701 543
848 431 473
105 957 978
381 305 663
963 331 923
122 418 326
472 415 398
157 814 726
329 374 78
559 361 494
237 966 732
652 502 258
666 41 637
156 316 339
948 433 890
413 401 171
110 61 124
353 880 677
754 99 787
890 817 129
102 396 304
399 465 837
424 404 24
260 287 93
185 63 250
400 383 386
194 790 596
733 116 627
536 538 2
456 424 482
241 740 554
164 138 70
432 614 818
280 259 97
699 810 697
125 719 763
845 289 636
225 755 828
523 933 721
873 15 861
837 404 845
764 747 281
597 799 882
961 83 969
423 541 484
7 208 216
121 36 84
705 688 314
66 417 351
505 291 694
468 796 784
510 606 127
976 37 973
661 136 630
894 416 924
646 491 293
42 60 56
751 718 293
288 206 157
492 132 612
54 219 177
598 653 288
631 642 52
346 7 351
186 404 297
555 544 211
819 343 632
424 481 409
972 904 238
281 127 364
768 654 679
51 613 575
168 471 594
576 912 442
288 610 694
257 458 213
137 220 150
466 729 963
36 726 728
246 136 197
355 902 898
826 205 661
34 23 53
287 300 589
248 118 141
377 723 712
128 85 207
839 783 361
133 750 643
460 896 455
14 364 350
878 846 279
990 866 408
5 654 652
701 764 331
813 698 221
867 649 918
58 305 352
97 126 144
932 820 210
84 604 646
654 426 759
581 619 57
32 609 643
856 562 433
379 520 259
786 669 769
985 903 99
158 382 542
417 105 485
15 391 384
1 807 808
181 94 183
402 43 447
581 393 298
389 587 220
208 414 584
431 367 306
774 22 764
803 972 536
577 439 488
317 823 614
14 866 872
722 756 409
500 283 373
686 706 247
169 349 235
546 870 421
15 760 748
556 590 40
923 690 671
442 686 270
64 464 440
434 563 644
663 887 586
526 647 235
408 459 189
708 652 106
744 816 480
612 953 937
123 82 188
641 698 160
364 70 420
657 708 94
143 126 31
949 191 957
580 73 606
857 800 111
778 693 714
246 309 195
408 465 235
586 398 335
312 312 79
605 815 250
129 132 44
815 853 187
295 228 303
133 63 162
632 383 247
606 305 791
531 477 52
335 523 702
721 730 364
120 183 116
54 458 486
260 359 563
6 320 319
375 637 365
687 546 526
402 565 239
614 816 750
890 194 958
34 371 347
123 662 690
974 921 947
372 41 339
683 1 680
453 84 494
168 119 112
830 242 714
570 120 613
529 332 617
669 52 704
199 486 391
471 466 19
860 113 879
805 506 357
352 756 943
494 208 346
706 452 583
2 151 149
951 787 742
964 780 225
39 901 940
454 453 76
595 948 902
961 529 591
623 194 793
327 2 328
264 537 584
903 115 945
880 868 11
623 325 865
655 296 920
473 375 116
736 606 886
168 584 709
422 546 141
323 240 450
8 649 650
187 184 139
430 422 68
666 375 621
981 83 945
408 648 678
936 772 642
318 526 468
179 62 183
161 127 32
243 680 489
162 838 748
936 681 808
251 39 284
837 821 267
969 912 86
546 507 104
217 53 197
659 163 738
539 827 493
384 546 461
91 506 421
669 298 800
153 254 204
759 785 614
663 271 929
744 881 714
689 301 397
8 146 137
575 233 425
824 951 551
829 866 327
132 983 866
599 129 519
746 209 649
644 474 219
536 634 195
71 42 75
304 143 406
119 955 849
576 316 273
407 634 399
316 68 376
134 509 615
564 341 778
325 206 153
373 752 773
472 708 941
22 237 238
504 646 190
301 657 465
669 654 252
299 837 651
447 234 606
370 592 801
228 477 664
215 698 500
444 550 562
896 861 829
211 192 98
960 482 989
735 513 528
66 735 743
131 273 278
151 4 155
850 759 689
359 68 371
183 50 154
848 835 161
535 779 554
89 218 201
375 962 923
469 460 392
840 465 657
322 522 498
806 393 765
756 783 53
949 954 11
4 280 279
589 238 506
280 371 477
692 263 902
338 83 317
147 210 70
707 770 407
372 295 141
515 745 964
601 447 802
987 388 779
525 631 843
445 465 54
814 554 264
257 270 131
940 160 820
646 804 368
785 902 199
351 361 216
407 468 178
756 730 30
253 365 290
223 273 63
59 577 567
719 183 788
334 317 17
660 717 159
346 380 44
320 250 196
333 382 153
334 844 927
218 804 913
486 630 285
468 83 530
65 90 139
956 959 338
810 968 645
332 314 65
488 52 450
962 489 833
772 695 126
774 838 64
614 120 606
689 389 664
558 245 483
584 668 184
762 906 405
912 885 53
245 594 765
965 120 957
131 108 66
318 390 103
31 919 896
177 918 764
775 967 338
647 867 734
721 824 228
648 242 445
590 482 322
172 252 254
549 796 861
815 569 310
782 85 844
835 710 551
296 18 316
529 4 527
971 112 904
472 129 343
375 417 145
267 424 384
514 335 276
372 590 257
181 464 443
982 544 589
757 257 844
397 421 539
487 881 953
160 62 117
582 596 35
374 354 407
499 964 950
634 619 16
76 88 31
201 339 326
475 585 708
781 272 932
360 376 39
371 149 279
523 406 419
465 416 46
183 701 647
913 849 775
314 809 566
289 727 442
329 598 469
731 422 416
532 736 463
35 584 607
740 210 615
160 171 211
845 319 562
798 595 475
846 776 76
423 613 481
712 809 142
270 117 316
837 770 122
512 475 97
837 336 702
242 449 325
714 123 598
57 54 14
492 491 485
508 222 398
281 436 411
5 966 969
965 453 554
923 953 237
875 398 945
825 740 163
373 501 357
253 748 754
861 856 83
657 580 629
374 279 529
493 621 512
829 731 108
992 881 450
731 977 670
186 917 795
565 152 599
653 990 595
896 706 822
816 732 239
315 96 320
729 288 790
570 339 602
686 568 723
536 885 993
868 994 193
559 739 696
183 161 35
221 216 176
306 550 253
474 944 735
83 614 532
556 507 647
295 413 651
499 503 12
415 504 382
126 649 597
758 347 723
546 411 852
933 554 871
834 849 785
526 714 678
612 656 791
701 530 272
421 909 539
576 587 686
837 855 26
910 657 617
343 431 420
221 515 478
720 67 686
527 986 573
545 72 619
592 889 993
742 585 282
390 781 868
819 211 775
273 630 536
708 723 866
856 866 596
539 791 949
500 466 271
433 174 432
509 623 166
645 390 448
155 431 400
411 70 349
224 446 336
619 876 479
873 795 546
604 399 720
111 530 580
935 64 902
127 587 565
743 769 525
317 93 348
681 877 464
131 654 647
771 568 481
660 843 927
773 360 605
610 655 532
449 158 347
822 272 568
638 65 663
110 914 923
578 386 308
496 72 472
228 345 152
968 631 416
875 111 854
659 9 668
172 550 389
916 807 118
479 874 992
509 35 506
487 503 793
293 451 339
85 139 120
795 339 672
464 409 131
581 605 36
707 347 486
675 406 635
115 127 10
397 412 450
323 145 218
254 944 775
909 918 564
339 270 98
591 442 576
655 398 381
750 149 883
232 626 744
352 317 244
941 885 240
407 386 766
408 198 489
59 675 723
433 274 650
782 856 171
298 867 956
382 262 483
227 225 14
978 957 94
60 307 253
14 425 429
98 691 754
468 531 920
569 397 182
732 619 530
484 739 977
914 915 257
73 865 834
155 603 754
748 807 70
608 648 717
696 874 202
531 675 521
142 397 253
279 275 266
590 173 620
434 492 234
776 882 114
608 241 634
5 501 496
317 256 189
246 785 882
695 902 412
158 135 75
960 960 2
756 487 886
566 283 805
462 885 528
100 654 553
803 839 475
682 678 439
978 286 895
144 934 919
774 273 924
309 458 727
819 303 708
190 634 579
660 656 10
341 77 353
758 651 753
228 584 563
535 524 10
689 812 421
897 161 856
428 218 347
858 689 775
514 428 796
974 936 144
727 779 326
641 510 405
251 382 631
3 399 403
641 539 824
464 429 199
199 738 937
365 508 682
350 768 520
793 739 201
168 354 340
212 403 347
505 161 621
767 640 546
823 677 834
506 933 605
335 149 323
224 241 155
676 673 403
482 541 256
308 70 380
388 862 925
804 784 860
872 730 173
527 813 933
430 14 418
306 386 449
582 678 940
209 238 111
415 501 614
277 194 189
981 584 793
57 941 921
588 334 323
629 756 225
401 14 402
515 326 376
461 400 676
751 919 898
459 376 317
84 89 12
822 784 873
461 548 726
398 29 428
472 784 811
111 729 758
116 914 994
132 246 303
921 905 54
306 749 626
89 878 802
338 272 266
668 679 43
355 171 426
840 708 189
517 433 324
83 702 710
84 248 226
374 246 519
704 374 405
653 160 800
878 611 399
645 329 711
975 923 138
302 474 358
279 746 645
181 569 533
681 191 526
808 155 838
238 761 690
159 361 439
995 722 422
334 129 234
937 35 959
788 804 210
608 651 410
943 361 760
20 556 568
214 861 829
420 104 435
897 999 763
295 495 389
510 617 140
499 488 212
901 657 288
480 194 393
700 671 28
771 797 300
504 105 470
932 989 162
544 541 24
886 335 864
591 627 109
569 215 554
940 82 901
473 824 891
531 266 434
427 365 73
6 297 289
633 286 827
338 310 28
825 794 592
400 264 652
566 816 267
114 118 102
267 107 341
870 210 803
406 359 154
920 312 899
319 90 242
236 946 802
437 289 548
794 122 689
713 17 729
118 759 828
834 838 82
618 561 872
30 836 837
690 803 538
107 729 672
954 959 9
668 870 300
256 21 278
453 224 572
498 662 196
432 652 289
189 17 195
545 758 283
490 560 633
895 411 805
148 831 910
433 806 418
510 486 177
530 746 360
775 152 926
383 170 349
699 352 621
188 956 788
586 115 511
33 697 692
428 632 457
195 769 923
910 779 240
344 76 373
56 50 4
767 137 674
851 875 776
356 403 78
330 460 651
824 802 51
521 482 37
869 909 43
599 675 552
126 52 144
312 313 21
738 132 610
186 698 717
775 549 247
470 515 851
50 169 120
309 11 301
29 994 994
963 756 971
675 918 615
24 651 637
32 179 146
501 207 463
775 669 904
139 663 753
215 358 415
320 423 175
754 1 754
251 919 876
47 288 275
694 414 466
442 939 740
467 119 352
215 240 317
733 357 759
690 893 501
649 727 293
46 441 474
354 226 178
402 432 50
624 586 153
314 628 642
69 705 698
333 64 376
905 797 962
493 196 644
365 282 262
729 986 290
386 276 153
212 320 299
831 792 477
157 172 24
263 506 413
826 443 938
751 454 507
130 425 467
222 196 245
247 277 135
751 887 685
748 698 449
227 878 850
475 553 621
236 235 21
902 792 768
95 595 514
52 495 527
554 460 223
354 90 425
570 50 534
665 483 376
500 543 43
163 696 813
945 941 25
825 635 615
500 314 624
699 817 161
253 531 422
485 435 517
544 310 457
526 305 335
24 637 617
171 855 725
145 444 318
583 586 869
97 481 386
265 607 476
444 783 345
52 612 663
17 260 275
394 198 269
193 349 331
637 807 476
737 65 790
647 528 591
589 761 627
287 187 368
698 802 104
450 466 46
78 34 99
569 382 222
333 126 451
39 307 319
821 561 333
361 366 106
331 611 592
115 83 85
169 211 74
111 696 785
836 239 786
82 292 284
693 984 482
643 441 552
452 441 211
925 876 126
546 143 660
964 889 882
152 115 110
412 719 336
712 782 361
645 194 667
998 976 194
175 929 965
322 281 330
623 637 998
994 25 980
299 387 439
716 596 323
949 47 963
32 893 888
629 470 944
867 865 3
262 255 50
917 883 68
21 729 711
855 975 205
827 841 312
486 743 515
83 352 389
538 209 652
393 644 561
386 454 89
866 967 650
207 907 994
804 137 892
123 627 659
602 516 210
389 388 50
345 382 359
652 290 454
564 586 922